	Genesis	Exodus	Leviticus	Numbers	Deuteronomy	Joshua	Judges	I_Samuel	II_Samuel	I_Kings	II_Kings	Isaiah	Jeremiah	Ezekiel	Hosea	Joel	Amos	Obadiah	Jonah	Micah	Nahum	Habakkuk	Zephaniah	Haggai	Zechariah	Malachi	Psalms	Job	Proverbs	Ruth	Canticles	Ecclesiastes	Lamentations	Esther	Daniel	Ezra	Nehemiah	I_Chronicles	II_Chronicles
אב	27.8	3.31	4.76	11.6	13.4	9.61	17.3	12.9	7.62	18.7	15.6	3.08	7.94	3.21	1.14	2.3	2.7	0	0	3.59	0	0	0	0	5.78	23	2.25	2.94	7.77	8.38	1.58	0	2.94	2.27	6.95	9.1	8.65	25.4	22
אבדנ	0	0	0	0	0	0	0	0	0	0	0	0	0	0	0	0	0	0	0	0	0	0	0	0	0	0	0	0	0	0	0	0	0	1.51	0	0	0	0	0
אבל	0.534	0	0	0	0.189	0	0	0.243	0.817	0	0	0.294	0.378	0.119	0	0	4.05	0	0	1.8	0	0	0	0	0	0	0	0.294	0	0	0	1.54	1.47	1.51	1.16	0	0	0	0
אגרת	0	0	0	0	0	0	0	0	0	0	0	0	0	0	0	0	0	0	0	0	0	0	0	0	0	0	0	0	0	0	0	0	0	1.51	0	0	2.6	0	0.364
אורה	0	0	0	0	0	0	0	0	0	0	0	0	0	0	0	0	0	0	0	0	0	0	0	0	0	0	0.119	0	0	0	0	0	0	0.755	0	0	0	0	0
אח	23.8	2.34	4.38	2.58	9.08	3.57	8.81	2.92	9.25	2.16	1.13	1.03	2.39	1.07	3.42	2.3	2.7	17.4	0	3.59	0	0	0	3.91	1.65	6.58	0.83	2.65	2.69	5.59	1.58	0.769	0	0.755	0	6.82	12.1	23.8	4.73
אחד	6.28	13.6	9.33	24.3	4.92	16.5	8.2	10.5	9.53	12.4	7.47	2.94	1.76	12.7	1.14	0	6.76	8.7	4.55	0	0	0	2.99	11.7	10.7	13.2	1.07	4.12	0.598	5.59	6.31	14.6	0	3.78	7.34	6.82	4.76	3.12	5.28
אחר	11.4	3.86	4.76	3.94	5.86	11	12.8	12.9	16.1	11	7.02	1.47	6.8	2.98	7.99	11.5	4.05	0	0	0	0	0	2.99	0	3.3	0	1.07	4.41	1.79	25.1	3.15	6.15	0	1.51	1.93	2.27	10.8	3.6	5.46
אחשׁדרפנימ	0	0	0	0	0	0	0	0	0	0	0	0	0	0	0	0	0	0	0	0	0	0	0	0	0	0	0	0	0	0	0	0	0	2.27	0	0.569	0	0	0
אי	0.134	0	0	0	0	0	0	0	0	0	0	2.79	0.63	1.07	0	0	0	0	0	0	0	0	2.99	0	0	0	0.237	0	0	0	0	0	0	0.755	0.386	0	0	0	0
אינ	4.94	3.03	4	2.58	5.68	1.37	8.2	8.02	4.08	4.92	4.53	13.5	11.2	2.86	17.1	6.9	6.76	8.7	0	10.8	26.3	10.5	8.96	19.5	3.3	19.7	7.95	10.9	11.4	2.79	7.89	33.8	16.2	7.55	3.48	2.27	4.76	2.16	4.55
אישׁ	21.2	13.2	17.9	17.8	17	19.8	60.5	51.3	38.4	16.7	28.8	9.4	20.3	10.6	11.4	9.2	4.05	26.1	40.9	14.4	3.76	0	11.9	11.7	19	13.2	5.34	12.4	26.9	58.7	4.73	7.69	1.47	15.1	3.09	7.96	19	9.84	10.2
אלפ	0.267	1.52	0	14.1	1.89	3.29	10.6	6.81	5.17	4.13	2.49	1.03	0.378	4.76	0	0	1.35	0	0	3.59	0	0	0	0	0	0	1.07	2.35	0.299	0	4.73	1.54	0	1.51	2.7	10.8	7.35	19.4	11.3
אמ	3.47	0.965	2.86	0.272	2.46	0.824	6.08	0.973	0.817	3.15	4.98	0.734	1.13	1.19	4.57	0	0	0	0	1.8	0	0	0	0	1.65	0	1.42	0.882	4.18	5.59	11	0.769	4.41	1.51	0	0	0	0.48	2.18
אמה	1.74	9.37	0.571	0.952	2.08	0.275	0.608	2.67	1.63	9.44	0.679	0.147	0.504	10.5	0	0	0	0	0	0	3.76	0	0	0	1.65	0	0.83	0.588	0	5.59	0	0	0	1.51	3.48	2.27	0.865	0.24	4.55
אמנה	0	0	0	0	0	0	0	0	0	0	0.226	0	0	0	0	0	0	0	0	0	0	0	0	0	0	0	0	0	0	0	0	0	0	0.755	0	0	0.865	0	0
אמת	0.802	0.276	0	0	0.568	0.824	0.912	0.243	0.817	0.983	0.453	1.76	1.39	0.238	1.14	0	0	0	0	1.8	0	0	0	0	4.95	3.29	4.39	0	3.59	0	0	0.769	0	0.755	2.32	0	1.3	0	0.91
אפר	0.134	0	0	0.272	0	0	0	0	0.272	0.393	0	0.44	0.126	0.238	0	0	0	0	4.55	0	0	0	0	0	0	3.29	0.237	1.18	0	0	0	0	1.47	1.51	0.386	0	0	0	0
ארבע	4.01	6.48	1.33	7.75	3.41	4.67	4.25	1.95	1.91	6.29	1.81	0.44	0.882	6.91	0	0	13.5	0	4.55	0	0	0	0	15.6	6.61	0	0.119	1.18	1.49	0	0	0	0	3.78	5.41	10.2	9.52	9.84	2.91
ארגמנ	0	3.58	0	0.136	0	0	0.304	0	0	0	0	0	0.126	0.238	0	0	0	0	0	0	0	0	0	0	0	0	0	0	0.299	0	3.15	0	0	1.51	0	0	0	0	0.364
ארצ	41.5	18.7	15.6	16.7	37.3	29.4	18.2	12.6	10.9	11	16.1	27.9	34.1	23.6	22.8	27.6	31.1	8.7	9.09	26.9	11.3	35	23.9	19.5	34.7	6.58	22.5	16.8	6.28	11.2	3.15	10	16.2	1.51	7.72	7.39	8.65	9.36	13.6
אשׁה	20.3	5.79	14.7	7.75	7.95	3.02	21	13.4	13.3	7.47	4.3	1.76	4.54	2.62	5.71	0	2.7	0	0	1.8	3.76	0	0	0	7.43	9.87	0.356	2.35	7.47	41.9	4.73	2.31	4.41	15.9	0.772	6.82	4.33	4.8	3.46
בגד	1.87	3.17	10.5	2.72	0.189	0	1.52	0.973	2.18	0.787	4.53	2.06	0.63	1.67	0	2.3	1.35	0	0	0	0	0	0	3.91	3.3	0	0.474	0.882	1.2	0	0	0.769	0	1.51	0	1.14	0.433	0	1.09
בד	1.87	5.79	2.48	2.99	1.7	0.824	2.73	1.22	2.45	3.34	1.13	1.61	0.252	1.19	1.14	0	0	0	0	0	0	0	0	0	9.08	0	0.83	3.53	0.598	0	0	0.769	0	2.27	2.32	1.14	0.865	0.72	1.64
בהט	0	0	0	0	0	0	0	0	0	0	0	0	0	0	0	0	0	0	0	0	0	0	0	0	0	0	0	0	0	0	0	0	0	0.755	0	0	0	0	0
בוצ	0	0	0	0	0	0	0	0	0	0	0	0	0	0.119	0	0	0	0	0	0	0	0	0	0	0	0	0	0	0	0	0	0	0	1.51	0	0	0	0.48	0.546
בזה	0	0	0	0	0	0	0	0	0	0	0	0	0	0	0	0	0	0	0	0	0	0	0	0	0	0	0	0	0	0	0	0	0	2.27	0.772	0.569	0.433	0	0.546
בזיונ	0	0	0	0	0	0	0	0	0	0	0	0	0	0	0	0	0	0	0	0	0	0	0	0	0	0	0	0	0	0	0	0	0	0.755	0	0	0	0	0
בינ	10.2	4.82	3.43	2.58	3.22	5.49	5.77	5.84	3.27	5.11	2.26	1.03	1.13	5.48	1.14	2.3	0	8.7	4.55	1.8	0	0	0	0	9.91	13.2	0.356	2.06	1.2	8.38	6.31	0	2.94	0.755	2.32	0	0.865	0.48	2.91
בירה	0	0	0	0	0	0	0	0	0	0	0	0	0	0	0	0	0	0	0	0	0	0	0	0	0	0	0	0	0	0	0	0	0	7.55	0.386	0.569	1.3	0.48	0
בית	14.6	8.13	10.1	7.89	8.51	6.86	21.6	16	32.1	38.3	34.2	11	18.5	21.6	17.1	13.8	36.5	43.5	0	30.5	3.76	10.5	14.9	43	25.6	6.58	6.29	7.65	11.4	19.6	7.89	8.46	4.41	21.1	4.63	37	22.5	27.1	39.7
ביתנ	0	0	0	0	0	0	0	0	0	0	0	0	0	0	0	0	0	0	0	0	0	0	0	0	0	0	0	0	0	0	0	0	0	2.27	0	0	0	0	0
בכי	0.134	0	0	0	0.189	0	0.304	0	0.272	0	0.226	1.17	1.01	0	0	2.3	0	0	0	0	0	0	0	0	0	3.29	0.356	0.588	0	0	0	0	0	0.755	0	0.569	0	0	0
בנ	48.8	32.1	30.5	83.1	24	66.2	62.6	33.8	56.9	37.2	50.3	12.3	28.2	22.7	28.5	34.5	14.9	17.4	13.6	10.8	0	0	23.9	39.1	10.7	19.7	12.2	10.6	17.9	22.3	3.15	12.3	5.88	11.3	3.48	112	106	169	42.2
בעל	0.534	1.93	0.19	0.136	0.568	0.275	9.12	0.973	0.817	2.56	6.57	0.587	1.76	0	6.85	2.3	0	0	0	0	3.76	0	2.99	0	0	0	0	0.294	4.18	0	0	5.38	0	1.51	0.772	1.71	0.433	0	1.27
בקר	4.81	6.2	4	8.43	2.65	1.37	3.34	7.29	4.35	3.15	2.04	2.35	0.756	1.9	4.57	2.3	4.05	0	4.55	1.8	0	3.5	8.96	0	0	0	2.25	3.24	0.598	11.2	0	2.31	1.47	1.51	0.772	0.569	0.433	2.64	4.18
בקשׁה	0	0	0	0	0	0	0	0	0	0	0	0	0	0	0	0	0	0	0	0	0	0	0	0	0	0	0	0	0	0	0	0	0	5.29	0	0.569	0	0	0
בשׂמ	0	0.827	0	0	0	0	0	0	0	0.787	0.226	0.294	0	0.119	0	0	0	0	0	0	0	0	0	0	0	0	0	0	0	0	11	0	0	0.755	0	0	0	0.48	1.09
בת	14.7	3.17	4.38	3.54	4.16	4.39	8.2	3.89	5.44	2.56	3.85	3.96	5.17	5.24	4.57	4.6	1.35	0	0	14.4	0	0	8.96	0	3.3	3.29	1.42	1.76	0.598	30.7	17.4	0.769	32.4	3.78	0.772	3.41	7.79	6.96	5.46
בתולה	0.134	0.276	0.381	0	0.757	0	0.608	0	0.544	0.197	0.226	0.734	1.01	0.238	0	2.3	2.7	0	0	0	0	0	0	0	0.826	0	0.356	0.294	0	0	0	0	10.3	3.02	0	0	0	0	0.182
גבורה	0	0.138	0	0	0.189	0	0.608	0	0	0.787	1.59	1.03	0.756	0.238	0	0	0	0	0	3.59	0	0	0	0	0	0	2.02	1.18	0.299	0	0	1.54	0	0.755	0.772	0	0	0.72	0.182
גדולה	0	0	0	0	0	0	0	0	0.544	0	0	0	0	0	0	0	0	0	0	0	0	0	0	0	0	0	0.356	0	0	0	0	0	0	2.27	0	0	0	0.96	0
גולה	0	0	0	0	0	0	0	0	0	0	0.453	0	1.26	1.31	0	0	1.35	0	0	0	3.76	0	0	0	1.65	0	0	0	0	0	0	0	0	0.755	0	6.82	0.433	0.24	0
גורל	0	0	0.952	0.952	0	7.14	0.912	0	0	0	0	0.44	0.126	0.119	0	2.3	0	8.7	13.6	1.8	3.76	0	0	0	0	0	0.356	0	0.897	0	0	0	0	1.51	0.386	0	0.865	3.12	0
גליל	0	0	0	0	0	0	0	0	0	0.393	0	0.147	0	0	0	0	0	0	0	0	0	0	0	0	0	0	0	0	0	0	1.58	0	0	0.755	0	0	0	0	0
גנה	0	0	0	0.136	0	0	0	0	0	0	0	0.734	0.252	0	0	0	2.7	0	0	0	0	0	0	0	0	0	0	0.294	0	0	1.58	0.769	0	2.27	0	0	0	0	0
גנזימ	0	0	0	0	0	0	0	0	0	0	0	0	0	0.119	0	0	0	0	0	0	0	0	0	0	0	0	0	0	0	0	0	0	0	1.51	0	0	0	0	0
דבר	8.15	8.96	1.71	4.08	18.4	8.79	7.6	19	19.1	24.8	24.5	7.05	27.8	11.2	5.71	4.6	13.5	0	22.7	7.18	0	3.5	5.97	27.3	16.5	9.87	8.54	5.88	10.8	8.38	0	18.5	0	27.9	8.11	7.96	12.5	7.68	14.7
דוד	0	0	0.762	0.136	0	0	0	1.22	0	0	0.453	0.147	0.882	0.238	0	0	1.35	0	0	0	0	0	0	0	0	0	0.119	0.294	0.299	0	61.5	0	0	1.51	0	0	0	0.24	0.182
דור	0.935	2.62	2.67	1.36	2.08	0.549	0.912	0	0	0	0	2.94	0.504	0	0	11.5	0	0	0	0	0	0	0	0	0	0	7	0.588	1.79	0	0	1.54	2.94	1.51	0	0	0	0.24	0
די	0	0.276	0.762	0	0.378	0	0.304	0.729	0	0.197	0.226	0.734	0.756	0	0	0	0	8.7	0	0	3.76	6.99	0	0	0.826	3.29	0	0.294	0.598	0	0	0	0	0.755	0	0	0.433	0	0.546
דינ	0	0	0	0	0.378	0	0	0.243	0	0	0	0.147	0.504	0	0	0	0	0	0	0	0	0	0	0	0	0	0.474	0.882	1.49	0	0	0	0	0.755	1.54	1.14	0	0	0
דר	0	0	0	0	0	0	0	0	0	0	0	0	0	0	0	0	0	0	0	0	0	0	0	0	0	0	0	0	0	0	0	0	0	0.755	1.54	0	0	0	0
דת	0	0	0	0	0.189	0	0	0	0	0	0	0	0	0	0	0	0	0	0	0	0	0	0	0	0	0	0	0	0	0	0	0	0	15.1	3.09	3.98	0	0	0
הנחה	0	0	0	0	0	0	0	0	0	0	0	0	0	0	0	0	0	0	0	0	0	0	0	0	0	0	0	0	0	0	0	0	0	0.755	0	0	0	0	0
הצלה	0	0	0	0	0	0	0	0	0	0	0	0	0	0	0	0	0	0	0	0	0	0	0	0	0	0	0	0	0	0	0	0	0	0.755	0	0	0	0	0
הרג	0	0	0	0	0	0	0	0	0	0	0	0.294	0	0.119	0	0	0	0	0	0	0	0	0	0	0	0	0	0	0.299	0	0	0	0	0.755	0	0	0	0	0
זהב	1.2	14.5	0.19	3.26	0.757	1.37	0.912	1.7	1.63	8.65	3.4	1.61	0.756	0.952	2.28	2.3	0	0	0	0	3.76	3.5	2.99	3.91	4.95	3.29	0.949	2.35	2.09	0	4.73	1.54	1.47	4.53	1.16	7.39	1.3	5.76	8.92
זכר	0	0.276	0	0	0.378	0	0	0	0	0	0	0.294	0	0	2.28	0	0	0	0	0	0	0	0	0	0	0	1.3	0.294	0.299	0	0	0.769	0	0.755	0	0	0	0	0
זכרונ	0	1.1	0.19	0.68	0	0.275	0	0	0	0	0	0.147	0	0	0	0	0	0	0	0	0	0	0	0	0.826	3.29	0	0.294	0	0	0	2.31	0	0.755	0	0	0.433	0	0
זמנ	0	0	0	0	0	0	0	0	0	0	0	0	0	0	0	0	0	0	0	0	0	0	0	0	0	0	0	0	0	0	0	0.769	0	1.51	3.86	0.569	0.433	0	0
זעקה	0.134	0	0	0	0	0	0	0	0	0	0	0.44	0.756	0.119	0	0	0	0	0	0	0	0	0	0	0	0	0	0.294	0.299	0	0	0.769	0	1.51	0	0	0.865	0	0
זרע	7.88	0.827	4.57	1.22	2.65	0.275	0	1.46	0.817	0.983	0.906	3.82	2.65	0.714	0	0	1.35	0	0	0	0	0	0	3.91	0.826	6.58	2.13	0.882	0.299	2.79	0	0.769	0	3.78	1.16	1.14	1.3	0.48	0.364
חבל	0	0	0	0	0.757	1.37	0	0.486	1.36	0.59	0	0.881	0.882	1.07	2.28	0	1.35	0	4.55	3.59	0	0	8.96	0	0.826	0	0.949	1.47	0.598	0	0	0.769	0	0.755	0.772	0.569	0	0.24	0
חדשׁ	1.47	2.48	2.86	5.17	0.757	0.549	1.52	1.7	1.36	2.75	2.72	0.734	2.27	3.21	2.28	0	2.7	0	0	0	0	0	0	19.5	4.13	0	0.119	0.588	0	0	0	0	0	18.1	0.386	7.39	3.03	5.04	3.46
חור	0	0	0	0	0	0	0	0	0	0	0	0	0	0	0	0	0	0	0	0	0	0	0	0	0	0	0	0	0	0	0	0	0	1.51	0	0	0	0	0
חיל	0.267	1.1	0	0.408	0.946	1.1	2.13	2.19	3.81	1.97	3.85	1.47	4.41	1.55	0	6.9	0	26.1	0	3.59	7.52	3.5	2.99	0	2.48	0	2.61	1.76	1.49	8.38	0	1.54	1.47	1.51	4.63	1.14	1.73	6.72	4.91
חמה	0.134	0	0.19	0.136	0.946	0	0	0	0.272	0	0.679	2.35	2.14	3.93	1.14	0	0	0	0	1.8	7.52	3.5	0	0	0.826	0	1.9	1.47	2.69	0	1.58	0	2.94	4.53	1.93	0	0	0	0.91
חמשׁ	4.68	7.72	2.48	14.4	0.378	3.02	2.73	3.16	2.99	5.7	8.83	1.03	0.378	8.81	1.14	0	0	0	0	0	0	0	0	3.91	0	0	0	0.588	0	0	0	0	0	5.29	0.386	11.9	7.35	3.84	6.73
חנ	1.87	1.24	0	0.408	0.189	0	0.304	1.46	0.817	0.197	0	0	0.126	0	0	0	0	0	0	0	3.76	0	0	0	2.48	0	0.237	0	3.89	8.38	0	1.54	0	4.53	0	0	0	0	0
חסד	1.47	0.551	0.19	0.272	0.568	0.824	0.608	0.973	3.27	0.983	0	1.17	0.756	0	6.85	2.3	0	0	9.09	5.39	0	0	0	0	0.826	0	15.1	0.882	3.29	8.38	0	0	2.94	1.51	0.772	1.71	2.16	1.2	1.82
חצי	0	2.76	0	1.09	0.568	7.96	0.608	0.973	1.09	1.97	0.226	0.44	0.126	0.476	0	0	0	0	0	0	0	0	0	0	4.95	0	0.119	0	0	2.79	0	0	0	2.27	0.772	0	5.62	2.88	0.182
חצר	0.134	4	0.571	0.816	0.189	8.79	0	0	0.272	1.18	0.679	0.44	1.89	5.83	0	0	0	0	0	0	0	0	0	0	0.826	0	1.07	0	0	0	0	0	0	6.04	0	0	3.89	2.16	1.27
חרב	0.935	1.1	1.33	1.22	1.51	5.49	7.9	5.84	4.08	2.16	1.81	3.96	9.32	11	5.71	2.3	10.8	0	0	7.18	11.3	0	5.97	7.81	2.48	0	2.02	3.53	1.2	0	3.15	0	5.88	0.755	0.386	0.569	0.865	2.64	1.46
טבעת	0.134	5.51	0	0.136	0	0	0	0	0	0	0	0.147	0	0	0	0	0	0	0	0	0	0	0	0	0	0	0	0	0	0	0	0	0	4.53	0	0	0	0	0
טפ	1.07	0.414	0	1.36	1.32	0.549	0.608	0	0.272	0	0	0	0.378	0.119	0	0	0	0	0	0	0	0	0	0	0	0	0	0	0	0	0	0	0	1.51	0	0.569	0	0	0.364
יגונ	0.267	0	0	0	0	0	0	0	0	0	0	0.294	0.504	0.119	0	0	0	0	0	0	0	0	0	0	0	0	0.474	0	0	0	0	0	0	0.755	0	0	0	0	0
יד	12.7	15	9.52	6.12	15.7	9.88	28	28.9	17.1	9.64	16.5	13.5	14.7	12.9	6.85	2.3	5.41	0	0	8.98	0	6.99	11.9	19.5	15.7	16.4	11.1	15.6	9.26	8.38	6.31	10	22.1	16.6	10.8	12.5	17.7	10.8	14.9
יומ	20.3	15.9	21.5	16.5	31.6	21.4	22.8	36.5	20.4	19.7	17.9	17.6	17.3	12.9	32	29.9	29.7	104	18.2	25.1	15	6.99	62.7	31.2	33	26.3	13.6	17.4	9.56	22.3	7.89	20	27.9	40	13.1	14.8	26.4	9.84	13.6
יותר	0	0	0	0	0	0	0	0.243	0	0	0	0	0	0	0	0	0	0	0	0	0	0	0	0	0	0	0	0	0	0	0	5.38	0	0.755	0	0	0	0	0
יינ	1.34	0.138	0.381	1.09	0.946	0.549	1.52	1.7	0.817	0	0	2.06	1.89	0.238	4.57	4.6	6.76	0	0	3.59	0	3.5	2.99	3.91	1.65	0	0.474	0.882	2.99	0	11	2.31	1.47	4.53	1.54	0	2.16	0.72	0.546
ימ	1.74	5.38	0.381	2.58	2.65	14.3	0.912	0.243	0.544	3.15	0.906	4.55	2.27	7.14	3.42	4.6	6.76	0	54.5	5.39	11.3	14	8.96	3.91	6.61	0	4.51	3.53	0.897	0	0	1.54	1.47	0.755	1.54	0.569	1.73	0.72	2
יפי	0	0	0	0	0	0	0	0	0	0	0	0.294	0	1.19	0	0	0	0	0	0	0	0	0	0	0.826	0	0.237	0	0.598	0	0	0	1.47	0.755	0	0	0	0	0
יקר	0	0	0	0	0	0	0	0	0	0	0	0	0.126	0.119	0	0	0	0	0	0	0	0	0	0	0.826	0	0.237	0.294	0.299	0	0	0	0	7.55	2.7	0	0	0	0
ישׁ	2.81	0.138	0	0.544	0.757	0	1.82	2.19	0.817	0.393	2.26	0.294	1.26	0	0	0	0	0	4.55	1.8	0	0	0	0	0	3.29	0.712	3.53	3.89	5.59	0	12.3	2.94	0.755	0	1.14	1.73	0.24	0.728
כבוד	0.401	1.52	0.381	0.952	0.189	0.275	0	0.973	0	0.393	0	5.58	0.63	2.26	3.42	0	0	0	0	1.8	3.76	10.5	0	11.7	1.65	6.58	6.05	0.588	4.78	0	0	1.54	0	1.51	0.386	0	0.433	1.44	2
ככר	0.935	1.24	0	0	0.189	0	0.304	0.486	0.544	1.38	2.04	0	0.126	0	0	0	0	0	0	0	0	0	0	0	0.826	0	0	0	0.299	0	0	0	0	0.755	0	2.27	0.865	2.64	1.82
כל	45.7	42.6	49.5	44.2	67.9	64.8	41.9	45.5	56.6	46.6	46	37.1	60	39.4	25.1	36.8	33.8	26.1	4.55	28.7	45.1	38.5	68.7	39.1	34.7	32.9	41.5	21.5	23	36.3	18.9	70	52.9	55.1	37.5	35.8	30.7	43.9	54.8
כלי	1.2	4.69	4.19	4.22	0.568	0.824	1.22	8.02	2.18	2.56	3.85	2.06	3.4	1.79	2.28	0	1.35	0	4.55	0	3.76	0	0	0	0.826	0	0.474	0.294	0.598	2.79	0	0.769	0	2.27	1.16	5.69	2.16	5.52	6
כסא	0.134	0.414	0	0	0.189	0	0.304	0.973	1.09	6.69	1.81	1.17	2.14	0.595	0	0	0	0	4.55	0	0	0	0	3.91	1.65	0	2.25	0.588	2.09	0	0	0	1.47	2.27	0	0	0.433	1.2	1.82
כספ	5.48	5.65	2.29	5.03	2.84	1.92	3.34	0.486	1.63	3.34	9.06	2.64	1.26	1.19	5.71	2.3	2.7	0	0	1.8	3.76	3.5	5.97	3.91	4.95	6.58	1.07	2.06	3.89	0	6.31	4.62	1.47	3.78	3.48	11.4	2.6	4.56	5.09
כרפס	0	0	0	0	0	0	0	0	0	0	0	0	0	0	0	0	0	0	0	0	0	0	0	0	0	0	0	0	0	0	0	0	0	0.755	0	0	0	0	0
כתב	0	0	0	0	0	0	0	0	0	0	0	0	0	0.119	0	0	0	0	0	0	0	0	0	0	0	0	0	0	0	0	0	0	0	6.8	4.25	2.27	0.433	0.24	0.364
כתר	0	0	0	0	0	0	0	0	0	0	0	0	0	0	0	0	0	0	0	0	0	0	0	0	0	0	0	0	0	0	0	0	0	2.27	0	0	0	0	0
לב	1.74	6.34	0	0.544	0.757	0.549	4.25	3.89	4.9	2.75	1.36	4.55	7.31	4.88	10.3	0	1.35	17.4	0	0	3.76	0	2.99	0	3.3	13.2	12.1	5.88	29	5.59	4.73	31.5	13.2	3.02	1.16	1.14	2.6	1.92	2.91
לבושׁ	0.134	0	0	0	0	0	0	0	0.544	0	0.226	0.44	0.126	0	0	0	0	0	0	0	0	0	0	0	0	3.29	0.712	2.06	0.897	0	0	0	1.47	4.53	0.772	0	0	0	0
לילה	3.34	2.34	0.381	1.22	1.7	1.92	3.65	3.4	2.18	1.18	1.13	1.91	1.51	0	2.28	0	1.35	8.7	13.6	1.8	0	0	0	0	1.65	0	3.32	5	0.897	11.2	4.73	1.54	4.41	1.51	0	0	3.89	0.48	0.91
לשׁונ	0.401	0.276	0	0	0.189	1.65	0.304	0	0.272	0	0	2.2	0.756	0.476	1.14	0	0	0	0	1.8	0	0	2.99	0	1.65	0	4.15	2.65	5.68	0	1.58	0.769	1.47	3.78	0.386	0	0.433	0	0
מאד	5.08	1.93	0	1.5	2.27	4.39	3.04	7.54	5.44	3.15	1.36	1.17	2.02	1.67	0	4.6	0	8.7	0	0	3.76	0	2.99	0	4.13	0	4.15	1.18	0	5.59	0	0	1.47	1.51	0.772	0.569	2.6	2.16	2.91
מאה	8.55	3.86	0.381	13.1	0.757	0.824	9.42	5.35	5.17	5.7	2.94	0.44	0.504	4.05	0	0	2.7	0	0	0	0	0	0	0	0	0	0	0.882	0.299	0	1.58	1.54	0	5.29	1.54	34.1	20.8	10.3	11.6
מאמר	0	0	0	0	0	0	0	0	0	0	0	0	0	0	0	0	0	0	0	0	0	0	0	0	0	0	0	0	0	0	0	0	0	2.27	0.386	0.569	0	0	0
מדינה	0	0	0	0	0	0	0	0	0	0.787	0	0	0	0.119	0	0	0	0	0	0	0	0	0	0	0	0	0	0	0	0	0	1.54	1.47	29.5	3.48	2.84	1.3	0	0
מולדת	1.2	0	0.571	0.136	0	0	0	0	0	0	0	0	0.252	0.357	0	0	0	0	0	0	0	0	0	0	0	0	0	0	0	2.79	0	0	0	2.27	0	0	0	0	0
מות	0.935	0.138	0.571	1.22	1.7	0.824	1.22	1.46	2.45	0.59	1.36	1.17	1.64	0.595	2.28	0	0	0	13.6	0	0	3.5	0	0	0	0	2.61	2.35	5.68	5.59	1.58	4.62	1.47	0.755	0	0.569	0	0.48	1.27
מחר	0.134	1.52	0	0.544	0.189	2.47	0.608	1.95	0.272	0.393	0.906	0.294	0	0	0	0	0	0	0	0	0	0	0	0	0	0	0	0	0.598	0	0	0	0	2.27	0	0	0	0	0.364
מחשׁבה	0.134	0.551	0	0	0	0	0	0	0.272	0	0	1.32	1.51	0.119	0	0	0	0	0	1.8	0	0	0	0	0	0	0.712	0.588	2.39	0	0	0	2.94	2.27	0.772	0	0	0.48	0.364
מטה	0.668	4.69	0.381	15.1	0.568	16.2	0	1.46	0.544	0.787	1.81	1.47	0.252	1.55	0	0	2.7	0	0	1.8	0	6.99	0	0	0	0	0.356	0	0.897	0	1.58	0.769	0	1.51	0	0.569	0	5.76	0.728
מכה	0	0	0.19	0.136	1.14	0.549	0.608	1.7	0	0.393	0.453	0.734	1.26	0	0	0	0	0	0	1.8	3.76	0	0	0	0.826	0	0.119	0	0.299	0	0	0	0	0.755	0	0	0	0	0.728
מלאכה	0.668	4.55	3.05	1.09	0.568	0	0.304	0.486	0	1.97	1.36	0	0.63	0.595	0	0	0	0	4.55	0	0	0	0	3.91	0	0	0.237	0	0.897	0	0	0	0	1.51	0.386	2.84	9.52	4.8	2.91
מלכ	5.48	1.93	0	2.72	4.92	29.9	11.2	20.9	77.3	60	83.8	11.7	33.6	4.41	21.7	0	10.8	0	9.09	8.98	3.76	3.5	8.96	7.81	7.43	3.29	7.95	2.35	9.56	0	7.89	9.23	4.41	148	72.6	43.8	18.6	16.6	50.4
מלכה	0	0	0	0	0	0	0	0	0	0.787	0	0	0	0	0	0	0	0	0	0	0	0	0	0	0	0	0	0	0	0	3.15	0	0	18.9	0.772	0	0	0	0.728
מלכות	0	0	0	0.136	0	0	0	0.243	0	0.197	0	0	0.378	0	0	0	0	0	0	0	0	0	0	0	0	0	0.712	0	0	0	0	0.769	0	19.6	6.18	3.41	0.865	2.64	3.09
מנה	0.267	0.138	0.381	0	0	0	0	0.729	0	0.197	0	0	0	0.119	0	0	0	0	0	0	0	0	0	0	0	0	0	0	0	0	0	0	0	2.27	0	0.569	1.73	0	0.182
מס	0.134	0.138	0	0	0.189	0.549	1.22	0	0.272	1.38	0	0.147	0	0	0	0	0	0	0	0	0	0	0	0	0	0	0	0.294	0.299	0	0	0	1.47	0.755	0	0	0	0	0.364
מספד	0.134	0	0	0	0	0	0	0	0	0	0	0.147	0.252	0.119	0	2.3	4.05	0	0	3.59	0	0	0	0	2.48	0	0.119	0	0	0	0	0	0	0.755	0	0	0	0	0
מספר	0.267	0.276	0.762	4.62	0.757	0.549	1.52	0.729	1.36	0.197	0	0.44	0.756	0.595	1.14	2.3	0	0	0	0	0	0	0	0	0	0	0.712	3.82	0	0	1.58	2.31	0	0.755	0.386	2.27	0.433	5.04	0.91
מעשׂה	0.802	5.51	0.381	0.544	2.46	0.275	1.22	0.973	0	2.56	0.906	3.96	1.76	0.833	2.28	0	1.35	0	4.55	3.59	0	3.5	0	7.81	0	0	4.63	1.47	0.897	0	1.58	16.2	2.94	0.755	0.386	0.569	0.433	0.48	1.82
מצוה	0.134	0.551	1.9	0.68	8.13	0.824	0.608	0.243	0	2.36	1.81	0.44	0.63	0	0	0	0	0	0	0	0	0	0	0	0	6.58	3.08	0.294	2.99	0	0	1.54	0	0.755	0.772	2.27	6.06	0.72	3.46
מקומ	6.28	1.38	4.57	2.58	6.24	2.47	4.25	5.84	3.27	3.15	2.94	2.5	5.8	2.02	2.28	2.3	2.7	0	0	1.8	7.52	0	5.97	3.91	0.826	3.29	0.949	6.18	0.897	8.38	0	6.92	0	2.27	0	2.84	2.6	1.92	3.82
מר	0	0.138	0	0	0	0	0	0	0	0	0	0.147	0	0	0	0	0	0	0	0	0	0	0	0	0	0	0.119	0	0.299	0	12.6	0	0	0.755	0	0	0	0	0
מראה	1.6	0.414	2.29	0.68	0.378	0.275	0.608	0.729	0.817	0	0	0.44	0	4.76	0	4.6	0	0	0	0	3.76	0	0	0	0	0	0	0.588	0	0	4.73	1.54	0	3.02	6.18	0	0	0	0
מרוקימ	0	0	0	0	0	0	0	0	0	0	0	0	0	0	0	0	0	0	0	0	0	0	0	0	0	0	0	0	0	0	0	0	0	0.755	0	0	0	0	0
משׁלוח	0	0	0	0	0	0	0	0	0	0	0	0.147	0	0	0	0	0	0	0	0	0	0	0	0	0	0	0	0	0	0	0	0	0	1.51	0	0	0	0	0
משׁנה	0.401	0.276	0	0	0.378	0.275	0	0.973	0.272	0	0.679	0.294	0.378	0	0	0	0	0	0	0	0	0	2.99	0	0.826	0	0	0.294	0	0	0	0	0	0.755	0	0.569	0.865	0.72	0.728
משׁפחה	1.6	0.965	1.14	21.6	0.189	12.9	2.43	1.7	0.544	0	0	0	1.13	0.119	0	0	2.7	0	0	1.8	3.76	0	0	0	9.08	0	0.356	0.588	0	5.59	0	0	0	1.51	0	0	0.433	4.56	0
משׁתה	0.668	0	0	0	0	0	0.912	0.486	0.272	0.197	0	0.44	0.252	0	0	0	0	0	0	0	0	0	0	0	0	0	0	0.588	0.299	0	0	0.769	0	15.1	1.54	0.569	0	0	0
משׂאת	0.401	0	0	0	0	0	0.608	0	0.272	0	0	0	0.252	0.238	0	0	1.35	0	0	0	0	0	2.99	0	0	0	0.119	0	0	0	0	0	0	0.755	0	0	0	0	0.364
מתנה	0.134	0.138	0.19	0.408	0.189	0	0	0	0	0	0	0	0	0.595	0	0	0	0	0	0	0	0	0	0	0	0	0.119	0	0.299	0	0	0.769	0	0.755	1.16	0	0	0	0.182
נוח	0	0	0	0	0	0	0	0	0	0	0	0	0	0	0	0	0	0	0	0	0	0	0	0	0	0	0	0	0	0	0	0	0	2.27	0	0	0	0	0.182
נזק	0	0	0	0	0	0	0	0	0	0	0	0	0	0	0	0	0	0	0	0	0	0	0	0	0	0	0	0	0	0	0	0	0	0.755	0	0	0	0	0
נכח	0.267	0.414	0	0.136	0	0.549	0.912	0	0	0.393	0	0	0.126	0.595	0	0	0	0	0	0	0	0	0	0	0	0	0	0	0.598	0	0	0	1.47	1.51	0	0	0	0	0.182
נער	3.61	0.551	0	0.272	0.189	0.549	6.99	14.6	7.08	2.16	5.43	1.61	0.378	0	1.14	0	0	0	0	0	0	0	0	0	1.65	0	0.474	2.65	2.39	16.8	0	0.769	2.94	3.02	0	0	3.46	0.72	0.364
נערה	1.2	0.138	0	0	2.65	0	2.13	0.486	0	0.59	0.453	0	0	0	0	0	1.35	0	0	0	0	0	0	0	0	0	0	0.294	0.897	19.6	0	0	0	9.82	0	0	0	0	0
נפשׁ	5.74	2.34	11.4	6.8	6.62	4.39	3.04	8.27	4.63	4.52	3.4	4.99	7.81	5	2.28	0	4.05	0	22.7	5.39	0	10.5	0	3.91	1.65	0	17.1	10.3	16.7	2.79	11	5.38	17.6	4.53	0	0	0	1.2	0.728
סוס	0.267	0.827	0	0	0.757	0.824	0.304	0	0.272	2.56	4.53	1.47	1.89	1.43	2.28	2.3	4.05	0	0	1.8	3.76	10.5	0	3.91	11.6	0	0.593	0.588	0.598	0	0	0.769	0	4.53	0	0.569	0.433	0	1.27
סחרת	0	0	0	0	0	0	0	0	0	0	0	0	0	0	0	0	0	0	0	0	0	0	0	0	0	0	0	0	0	0	0	0	0	0.755	0	0	0	0	0
ספ	0	0.276	0	0	0	0	0.304	0	0.272	0.393	1.13	0.147	0.378	0.833	0	0	1.35	0	0	0	0	0	2.99	0	0.826	0	0	0	0	0	0	0	0	1.51	0	0	0	0.48	0.546
ספר	0.134	0.551	0	0.272	2.08	1.92	0.304	0.243	1.36	3.34	12.2	2.2	4.79	0.357	0	0	0	0	0	0	3.76	0	0	0	0	3.29	0.474	0.588	0	0	0	0.769	0	9.82	2.32	6.82	6.92	1.2	5.46
סריס	0.534	0	0	0	0	0	0	0.243	0	0.197	1.81	0.44	0.882	0	0	0	0	0	0	0	0	0	0	0	0	0	0	0	0	0	0	0	0	9.06	2.7	0	0	0.24	0.182
עבד	11.8	5.93	1.71	1.5	5.49	7.41	1.82	15.1	28.9	14.9	13.1	5.87	4.03	0.952	0	2.3	1.35	0	0	1.8	0	0	0	3.91	2.48	6.58	6.76	3.53	2.99	0	0	3.85	1.47	5.29	4.63	3.98	9.52	6.48	8.01
עוד	7.21	1.79	0.762	1.22	2.84	1.37	3.65	4.13	9.53	2.36	2.94	7.05	6.8	6.91	11.4	6.9	9.46	0	4.55	7.18	15	3.5	8.96	7.81	12.4	3.29	2.61	5.29	1.79	5.59	0	4.62	1.47	2.27	2.7	0	0.433	2.64	2.55
עטרה	0	0	0	0	0	0	0	0	0.272	0	0	0.587	0.126	0.357	0	0	0	0	0	0	0	0	0	0	1.65	0	0.119	0.588	1.49	0	1.58	0	1.47	0.755	0	0	0	0.24	0
עינ	10.7	4.82	3.05	5.44	11.4	3.02	6.08	10.5	10.9	6.1	11.1	6.61	6.8	8.33	2.28	2.3	4.05	0	4.55	3.59	0	3.5	2.99	3.91	15.7	6.58	7.83	13.5	14.3	11.2	11	6.92	14.7	9.82	4.25	1.71	2.6	2.64	5.64
עיר	6.68	0.414	2.67	6.66	11	43.1	17.9	9.24	12.2	10	14.7	6.9	17.4	7.26	5.71	2.3	14.9	8.7	36.4	7.18	3.76	3.5	11.9	0	8.26	0	2.37	0.882	1.2	11.2	4.73	3.85	8.82	10.6	3.48	3.98	9.08	8.88	16.2
עמ	4.41	24.1	8.19	11.8	20.2	19.2	20.4	26.7	28	16.3	12	19.1	20.8	11.7	18.3	29.9	9.46	8.7	4.55	34.1	7.52	21	20.9	31.2	15.7	6.58	14.2	2.35	2.69	27.9	1.58	1.54	16.2	23.4	10	15.9	22.9	10.8	20.4
עמוד	0	5.38	0	0.952	0.378	0	1.22	0	0	4.33	1.36	0	0.882	0.357	0	0	0	0	0	0	0	0	0	0	0	0	0.237	0.588	0.299	0	3.15	0	0	0.755	0	0	1.73	0.24	1.46
עצ	4.01	4.27	4	0.816	3.78	2.47	3.04	0.486	1.63	5.7	2.26	2.5	1.89	5.36	1.14	6.9	0	0	0	0	0	6.99	0	7.81	1.65	0	0.712	1.18	1.79	0	4.73	3.85	4.41	6.8	0	0.569	3.89	2.64	2.18
ערב	1.87	2.89	8.19	1.77	1.14	1.1	1.22	0.729	0.817	0.787	0.226	0.294	0.378	0.714	0	0	0	0	0	0	0	3.5	5.97	0	0.826	0	1.3	0.882	0.598	2.79	1.58	0.769	0	0.755	1.16	1.71	0.433	0.48	1.27
עשׁר	0.134	0	0	0	0	0	0	0.243	0	0.59	0	0	0.252	0	0	0	0	0	0	0	0	0	0	0	0	0	0.356	0	2.69	0	0	4.62	0	1.51	0.772	0	0	0.48	1.09
עשׂר	2.27	1.65	1.14	4.9	0.568	2.47	2.13	0	2.99	4.92	2.04	0.294	0.252	1.19	1.14	0	0	0	0	0	0	0	0	0	1.65	0	0.119	0.588	0	2.79	0	0	0	13.6	2.32	6.25	1.73	13.7	2.37
עשׂרה	2.67	2.21	0.381	2.86	0	5.77	1.22	0.729	0.817	2.95	6.11	0.294	1.76	1.79	0	0	2.7	0	4.55	0	0	0	0	3.91	0.826	0	0	0	0	2.79	0	0.769	0	0.755	1.16	1.71	0.865	0.72	3.64
עשׂרימ	1.6	3.17	0.762	4.35	0.378	0.549	3.65	0.486	2.45	4.92	4.3	0	0.63	4.41	0	0	0	0	0	0	0	0	0	27.3	1.65	0	0	0	0	0	0	0	0	3.02	0.772	11.4	8.22	9.84	6.55
עשׂרת	0.267	0.414	0.19	0	0.568	0	2.43	0.729	0	0.393	0.679	0.147	0.252	1.31	0	0	0	0	0	0	0	0	0	0	0	0	0	0	0	0	0	0	0	3.78	0	0	0.433	0.24	1.09
עת	1.34	0.414	0.571	0.272	3.41	1.92	3.04	0.973	0.817	1.38	2.49	1.61	4.54	2.14	3.42	2.3	2.7	0	0	5.39	0	0	11.9	11.7	1.65	0	2.61	2.94	1.49	2.79	1.58	30.8	0	3.78	6.18	1.71	3.03	2.16	2.91
פה	2.81	3.17	1.52	6.66	4.35	7.41	4.56	2.92	2.18	2.56	2.26	4.11	3.53	2.02	3.42	2.3	2.7	8.7	0	8.98	3.76	0	2.99	0	4.95	9.87	7.95	10.6	16.7	0	1.58	5.38	7.35	0.755	0.772	2.27	0.433	0.72	1.82
פור	0	0	0	0	0	0	0	0	0	0	0	0	0	0	0	0	0	0	0	0	0	0	0	0	0	0	0	0	0	0	0	0	0	6.04	0	0	0	0	0
פחד	0.267	0.138	0	0	0.568	0	0	0.243	0	0	0	0.734	0.504	0	0	0	0	0	0	0	0	0	0	0	0	0	1.07	3.24	1.2	0	1.58	0	1.47	2.27	0	0	0	0.24	0.728
פחה	0	0	0	0	0	0	0	0	0	0.393	0.226	0.147	0.378	0.357	0	0	0	0	0	0	0	0	0	15.6	0	3.29	0	0	0	0	0	0	0	2.27	1.54	3.98	3.46	0	0.182
פלגשׁ	0.534	0	0	0	0	0	3.65	0	2.45	0.197	0	0	0	0.119	0	0	0	0	0	0	0	0	0	0	0	0	0	0	0	0	3.15	0	0	0.755	0	0	0	1.2	0.364
פנה	18.8	17.9	20.4	16.2	25	25	14.3	24.1	19.9	20.1	16.8	13.4	16.5	18.7	10.3	18.4	9.46	0	18.2	8.98	18.8	10.5	14.9	7.81	14.9	32.9	15.9	21.2	13.7	5.59	3.15	16.2	16.2	27.9	12.7	5.69	14.7	15.1	22.2
פקיד	0.134	0	0	0	0	0	0.304	0	0	0	0.226	0	0.378	0	0	0	0	0	0	0	0	0	0	0	0	0	0	0	0	0	0	0	0	0.755	0	0	1.73	0	0.364
פרזות	0	0	0	0	0	0	0	0	0	0	0	0	0	0.119	0	0	0	0	0	0	0	0	0	0	0.826	0	0	0	0	0	0	0	0	0.755	0	0	0	0	0
פרזי	0	0	0	0	0.189	0	0	0.243	0	0	0	0	0	0	0	0	0	0	0	0	0	0	0	0	0	0	0	0	0	0	0	0	0	0.755	0	0	0	0	0
פרשׁה	0	0	0	0	0	0	0	0	0	0	0	0	0	0	0	0	0	0	0	0	0	0	0	0	0	0	0	0	0	0	0	0	0	1.51	0	0	0	0	0
פרתמימ	0	0	0	0	0	0	0	0	0	0	0	0	0	0	0	0	0	0	0	0	0	0	0	0	0	0	0	0	0	0	0	0	0	1.51	0.386	0	0	0	0
פתגמ	0	0	0	0	0	0	0	0	0	0	0	0	0	0	0	0	0	0	0	0	0	0	0	0	0	0	0	0	0	0	0	0.769	0	0.755	0.772	2.27	0	0	0
פתח	1.34	3.03	4.57	2.31	0.378	0.824	2.73	0.243	0.817	1.77	1.13	0.294	0.63	3.57	1.14	0	0	0	0	3.59	0	0	0	0	0	0	0.356	0.588	1.79	0	1.58	0	0	0.755	0	0	0.865	0.48	0.546
פתשׁגנ	0	0	0	0	0	0	0	0	0	0	0	0	0	0	0	0	0	0	0	0	0	0	0	0	0	0	0	0	0	0	0	0	0	2.27	0	0	0	0	0
צומ	0	0	0	0	0	0	0	0	0.272	0.393	0	0.587	0.252	0	0	6.9	0	0	4.55	0	0	0	0	0	3.3	0	0.356	0	0	0	0	0	0	1.51	0.386	0.569	0.433	0	0.182
צר	0.134	0.138	0	0.272	0.757	0.824	0	0	0.272	0	0	1.03	0.504	0.357	0	0	1.35	0	0	1.8	3.76	0	0	0	0.826	0	3.08	0.882	0	0	0	0	13.2	1.51	0	0.569	1.3	0.48	0
קצ	0.668	0.138	0	0.136	0.568	0	0.304	0	0.544	0.393	0.226	0.587	0.63	1.07	0	0	1.35	0	0	0	0	3.5	0	0	0	0	0.237	1.18	0	0	0	2.31	2.94	0.755	5.79	0	0.433	0	0.546
קצפ	0	0	0	0.408	0.189	0.549	0	0	0	0	0.226	0.44	0.504	0	1.14	0	0	0	0	0	0	0	0	0	2.48	0	0.237	0	0	0	0	0.769	0	0.755	0	0.569	0	0.24	1.09
ראשׁ	2.67	3.58	7.62	5.58	3.78	4.12	8.51	5.59	8.71	4.52	3.85	4.11	2.02	4.76	3.42	6.9	9.46	8.7	13.6	8.98	3.76	6.99	0	0	4.95	0	4.03	4.12	2.99	0	14.2	2.31	16.2	3.78	5.41	7.96	6.92	17.5	4
רב	0.668	0.138	0.19	0	0.757	0.549	0.912	0.486	0.272	1.57	2.04	1.61	3.4	1.43	4.57	0	0	0	4.55	0	7.52	0	0	0	2.48	0	2.02	3.24	3.59	0	0	4.62	4.41	2.27	1.93	0	0.865	2.64	4.73
רגל	1.74	1.93	2.09	0.68	3.22	3.02	3.34	2.19	4.35	1.18	1.81	2.94	0.63	2.62	0	0	1.35	0	0	0	7.52	6.99	0	0	1.65	3.29	3.68	3.82	4.48	0	1.58	0.769	4.41	0.755	2.7	0	0.433	0.48	0.546
רוח	1.6	1.52	0	1.9	0.378	0.549	3.04	3.89	0.817	2.16	1.13	7.49	2.27	6.19	7.99	4.6	1.35	0	9.09	5.39	0	6.99	0	15.6	7.43	9.87	4.63	9.12	6.28	0	0	18.5	1.47	0.755	5.79	1.14	0.865	1.2	1.82
רחב	0.401	3.03	0	0	0.378	0	0.912	0	0.272	2.16	0	0.44	0.63	6.79	0	0	1.35	0	0	0	3.76	0	0	0	4.13	0	0.237	0.588	1.49	0	1.58	0	4.41	2.27	0.386	0.569	1.73	0	1.46
רכשׁ	0	0	0	0	0	0	0	0	0	0.197	0	0	0	0	0	0	0	0	0	1.8	0	0	0	0	0	0	0	0	0	0	0	0	0	1.51	0	0	0	0	0
רמכה	0	0	0	0	0	0	0	0	0	0	0	0	0	0	0	0	0	0	0	0	0	0	0	0	0	0	0	0	0	0	0	0	0	0.755	0	0	0	0	0
רע	1.07	2.89	0.762	0	4.16	0.275	1.52	1.95	1.63	0.59	0.679	0.881	4.03	0.714	2.28	0	0	0	4.55	3.59	0	3.5	0	0	6.61	3.29	1.3	4.41	9.56	5.59	3.15	1.54	1.47	1.51	0	0	0.433	0.24	0.364
רעה	1.34	0.689	0	0.408	1.32	0	3.65	4.86	3.54	2.56	1.36	0.881	11.2	0.952	6.85	4.6	4.05	8.7	31.8	3.59	7.52	0	0	0	2.48	0	4.03	1.18	6.28	0	0	11.5	4.41	3.78	1.16	0	3.03	0.72	1.27
רעות	0	0.138	0	0	0	0	0	0	0	0	0	0.294	0.126	0	0	0	0	0	0	0	0	0	0	0	0.826	0	0	0	0	0	0	5.38	0	0.755	0	0	0	0	0
רצונ	0.134	0.138	1.33	0	0.378	0	0	0	0	0	0	0.881	0.126	0	0	0	0	0	0	0	0	0	0	0	0	3.29	1.54	0	4.18	0	0	0	0	1.51	1.54	0.569	0.865	0	0.182
רצפה	0	0	0	0	0	0	0	0	0	0	0	0.147	0	0.595	0	0	0	0	0	0	0	0	0	0	0	0	0	0	0	0	0	0	0	0.755	0	0	0	0	0.182
שׁאלה	0	0	0	0	0	0	0.304	0.729	0	0.393	0	0.147	0	0	0	0	0	0	0	0	0	0	0	0	0	0	0.119	0.294	0	0	0	0	0	4.53	0.386	0	0	0	0
שׁאר	0	0.138	1.14	0.136	0	0	0	0	0	0	0	1.76	0.126	0	0	0	0	0	0	3.59	0	0	2.99	0	0	3.29	0.356	0	0.598	0	0	0	0	1.51	1.54	6.25	1.3	0.48	0.364
שׁבע	9.62	3.58	8.76	9.79	2.46	4.12	6.99	1.95	2.45	3.74	4.76	1.03	1.26	2.5	0	0	0	0	0	1.8	0	0	0	0	5.78	0	0.474	2.06	1.79	2.79	0	0.769	0	6.8	3.09	12.5	7.35	5.76	4.91
שׁלומ	2	0.414	0.19	0.272	0.946	0.549	3.04	4.38	4.35	2.16	4.53	4.4	3.91	0.833	1.14	0	0	8.7	0	5.39	3.76	0	0	3.91	4.95	6.58	3.2	1.18	0.897	0	1.58	0.769	1.47	2.27	0.386	0.569	0	1.44	1.09
שׁלל	0.134	0.138	0	0.272	1.14	1.37	1.82	2.43	0.817	0	0.226	1.17	0.756	0.595	0	0	0	0	0	0	0	0	0	0	1.65	0	0.237	0	0.897	0	0	0	0	1.51	0.386	0	0	0.48	1.46
שׁלשׁ	6.28	6.07	1.33	10.1	2.08	5.22	10.3	7.05	8.44	8.06	6.11	0.44	1.39	2.86	0	0	14.9	0	13.6	0	0	0	0	0	2.48	0	0	2.94	1.2	0	0	0	0	8.31	3.86	15.3	9.08	13.4	8.01
שׁמ	15.1	5.93	2.09	6.66	6.81	3.29	5.77	8.02	9.25	9.05	5.21	7.93	6.93	3.33	5.71	4.6	9.46	0	0	7.18	3.76	0	14.9	0	5.78	32.9	12.9	2.06	2.09	39.1	1.58	2.31	1.47	6.04	4.63	5.69	3.03	13.2	8.19
שׁמנ	0.267	3.31	8	4.62	0.757	0	0	0.729	0.544	1.77	1.59	1.32	0.252	1.9	2.28	0	1.35	0	0	3.59	0	0	0	3.91	0	0	1.19	0.294	1.49	0	4.73	2.31	0	0.755	0	0.569	0.433	0.72	0.546
שׁמנה	2.14	0.827	0	1.09	0.189	0.549	2.13	0.729	1.36	1.38	2.94	0.147	0.756	0.714	0	0	0	0	0	1.8	0	0	0	0	0	0	0.119	0	0	0	1.58	0.769	0	0.755	0	4.55	7.35	3.84	3.64
שׁמע	0.134	0.138	0	0.136	0.189	0.549	0	0	0	0.197	0	0.44	0.378	0	1.14	0	0	0	0	0	3.76	3.5	0	0	0	0	0.237	0.588	0	0	0	0	0	0.755	0	0	0	0	0.182
שׁנה	21.8	4.14	11.2	12.5	5.49	1.65	7.9	2.43	5.44	11.4	23.6	3.96	5.92	3.33	0	4.6	4.05	0	0	1.8	0	6.99	0	11.7	7.43	3.29	2.02	2.65	3.59	2.79	0	5.38	0	6.04	6.95	5.69	6.06	3.12	14.2
שׁנימ	8.42	15.6	7.81	11.8	4.73	7.14	6.08	7.29	5.72	11.2	9.51	1.61	1.39	4.29	1.14	0	4.05	0	4.55	0	0	0	0	11.7	9.91	0	0.237	1.47	2.39	25.1	6.31	3.85	0	7.55	2.32	10.2	9.95	10.8	5.46
שׁער	1.34	1.65	0	0.136	6.43	1.37	2.73	0.973	3.27	0.393	4.08	1.76	3.53	11.8	0	0	4.05	17.4	0	5.39	7.52	0	2.99	0	3.3	0	1.54	1.47	2.09	11.2	1.58	0	5.88	8.31	0	0	17.7	2.16	3.46
שׁפחה	3.74	0.138	0.19	0	0.189	0	0	1.46	1.91	0	0.679	0.294	0.756	0	0	2.3	0	0	0	0	0	0	0	0	0	0	0.119	0	0.299	5.59	0	0.769	0	0.755	0	0	0	0	0.182
שׁרביט	0	0	0	0	0	0	0	0	0	0	0	0	0	0	0	0	0	0	0	0	0	0	0	0	0	0	0	0	0	0	0	0	0	3.02	0	0	0	0	0
שׁשׁ	2.27	8.41	1.52	5.3	0.946	2.2	2.13	1.95	1.91	2.75	2.49	0.44	0.504	1.9	0	0	0	0	0	0	0	0	0	0	0	0	0	0.588	0.598	5.59	4.73	0	0	3.02	0.772	11.4	6.49	7.2	4.91
שׁתיה	0	0	0	0	0	0	0	0	0	0	0	0	0	0	0	0	0	0	0	0	0	0	0	0	0	0	0	0	0	0	0	0	0	0.755	0	0	0	0	0
שׂמחה	0.134	0	0	0.136	0.189	0	0.304	0.243	0.272	0.197	0	2.2	0.882	0.238	0	2.3	0	0	4.55	0	0	0	2.99	0	0.826	0	1.54	0.294	2.39	0	1.58	6.15	0	5.29	0	1.71	2.6	1.44	1.09
שׂק	0.668	0	0.19	0	0	0.275	0	0	0.544	0.787	0.679	1.17	0.504	0.238	0	4.6	1.35	0	13.6	0	0	0	0	0	0	0	0.356	0.294	0	0	0	0	1.47	3.02	0.386	0	0.433	0.24	0
שׂר	3.34	1.38	0	2.31	0.946	0.549	2.73	4.13	4.08	4.92	5.66	2.5	7.06	0.357	9.13	0	2.7	0	0	1.8	0	0	5.97	0	0	0	1.07	1.18	0.897	0	0	2.31	5.88	11.3	6.95	6.25	7.35	11.3	9.28
שׂרה	0	0	0	0	0	0	0.304	0	0	0.197	0	0.147	0	0	0	0	0	0	0	0	0	0	0	0	0	0	0	0	0	0	0	0	1.47	0.755	0	0	0	0	0
שׂשׂונ	0	0	0	0	0	0	0	0	0	0	0	0.881	0.882	0	0	2.3	0	0	0	0	0	0	0	0	0.826	0	0.593	0	0	0	0	0	0	1.51	0	0	0	0	0
תאר	0.534	0	0	0	0.189	0	0.304	0.729	0	0.197	0	0.294	0.126	0	0	0	0	0	0	0	0	0	0	0	0	0	0	0	0	0	0	0	1.47	0.755	0	0	0	0	0
תוכ	2.27	4.41	3.24	6.26	3.97	7.96	2.43	2.43	2.45	2.16	1.13	1.76	2.9	13.8	0	0	2.7	0	0	5.39	0	0	2.99	3.91	7.43	0	1.66	1.76	2.39	0	1.58	0	0	1.51	0	0	2.16	0.96	1.09
תור	0.134	0	1.71	0.136	0	0	0	0	0	0	0	0	0.126	0	0	0	0	0	0	0	0	0	0	0	0	0	0.119	0	0	0	4.73	0	0	1.51	1.54	1.71	0	0.24	0
תחת	4.14	7.17	2.29	2.04	5.11	3.84	2.73	2.92	4.63	8.26	9.06	4.84	2.02	2.62	2.28	2.3	2.7	8.7	4.55	5.39	0	6.99	2.99	0	4.13	3.29	2.61	6.47	2.69	2.79	6.31	26.2	2.94	1.51	1.16	0	0.433	3.84	5.09
תכלת	0	4.69	0	0.816	0	0	0	0	0	0	0	0	0.126	0.357	0	0	0	0	0	0	0	0	0	0	0	0	0	0	0	0	0	0	0	1.51	0	0	0	0	0.546
תכריכ	0	0	0	0	0	0	0	0	0	0	0	0	0	0	0	0	0	0	0	0	0	0	0	0	0	0	0	0	0	0	0	0	0	0.755	0	0	0	0	0
תמרוק	0	0	0	0	0	0	0	0	0	0	0	0	0	0	0	0	0	0	0	0	0	0	0	0	0	0	0	0	0.299	0	0	0	0	2.27	0	0	0	0	0
תפארת	0	0.276	0	0	0.189	0	0.304	0	0	0	0	2.64	0.63	0.714	0	0	0	0	0	0	0	0	0	0	1.65	0	0.474	0	1.79	0	0	0	1.47	0.755	0	0	0	0.72	0.182
תקפ	0	0	0	0	0	0	0	0	0	0	0	0	0	0	0	0	0	0	0	0	0	0	0	0	0	0	0	0	0	0	0	0	0	1.51	1.16	0	0	0	0
